47.4 -1249.46 -739.2
47.4 -1290.02 -727.1
55.9 -1258.73 -735.6
59.2 -1633.19 -617.2
62.5 -1735.2 -591.8
61.5 -1961.64 -558.1
58.2 -1657.39 -610.2
60.9 -1537.67 -634.3
61.5 -1721.3 -598.5
55.9 -1344.82 -695.4
60.2 -1443.09 -662.3
61.1 -1691.63 -592.7
55.9 -1309.02 -707.6
55.9 -1309.02 -707.6
61.3 -1485.69 -649.9
56.8 -1361.34 -690.9
64.4 -1811.38 -568.5
55.9 -1407.97 -666.7
55.9 -1290.46 -715.9
61.3 -1593.51 -624.9
55.9 -1454.5 -654
57.1 -1352.4 -691.1
60.2 -1362.3 -688.9
62.1 -1400.6 -671.9
56.6 -1386.53 -672.5
55.9 -1561.5 -625.6
55.9 -1496.2 -638.7
55.9 -1476 -648.1
59.1 -1315.88 -702.4
57.1 -1379.68 -678.5
