97.8 -1225.32 -607.7
97.8 -1075.1 -644.5
97.8 -1009.47 -684.5
97.8 -969.179 -697.3
97.8 -935.877 -719.6
97.8 -1139.58 -624.8
97.8 -1039.96 -662.8
97.8 -979.829 -692.9
97.8 -913.226 -736.4
97.8 -936.766 -718.5
97.9 -961.456 -702.9
93.1 -677.889 -645.9
93.7 -708.075 -653.5
93.7 -742.683 -628.5
92.6 -658.028 -627.6
92.6 -658.028 -627.6
92.6 -665.984 -622.5
93.5 -683.635 -645.4
92.6 -693.317 -595.9
92.6 -678.361 -611.3
93.2 -707.306 -621.3
93.2 -677.417 -646
92.6 -654.583 -628.7
92.6 -680.417 -605.8
92.6 -710.758 -581.3
93.2 -726.04 -606.7
93.2 -698.766 -627.3
93.2 -729.417 -601.9
93.5 -685.421 -639
93.5 -685.421 -639
