78.9 -635.337 -607.8
78.8 -622.897 -613.3
81.3 -724.964 -539
79.1 -640.123 -602.5
79.9 -648.933 -590.1
78.8 -639.933 -589.9
78.8 -657.599 -576.3
78.8 -664.488 -569.9
79.9 -691.627 -552.6
79.9 -705.46 -544.3
79.9 -739.984 -522.1
79.9 -650.794 -586.8
79.9 -673.444 -567.9
79.9 -674.111 -567.3
81.9 -699.135 -553.7
81.2 -665.929 -572.9
78.8 -653.155 -578
81.1 -655.663 -580.6
81.1 -678.825 -564.3
81.1 -690.603 -553.3
78.8 -641.266 -586.7
78.8 -675.46 -558.9
78.8 -647.571 -583.6
78.8 -631.821 -597.2
79.9 -697.806 -548.3
81.9 -705.44 -549
81.9 -731.544 -532.1
81.9 -751.583 -519.1
81.9 -702.94 -550.8
81.2 -642.373 -593.8
